<?xml version="1.0"?>
<opencv_storage>
<Distortion type_id="opencv-matrix">
  <rows>5</rows>
  <cols>1</cols>
  <dt>d</dt>
  <data>
    -2.8950354544325874e-01 1.1578976534863766e-01
    5.9390967153340483e-04 -7.3037270899322575e-04
    -3.3952380686002585e-02</data></Distortion>
</opencv_storage>
