<?xml version="1.0"?>
<opencv_storage>
<Distortion type_id="opencv-matrix">
  <rows>5</rows>
  <cols>1</cols>
  <dt>d</dt>
  <data>
-3.8380644493853927e-01 1.4082301941156658e-01
    1.0078165272888219e-03 6.8170799211112430e-05 1.1608012778776106e-01</data></Distortion>
</opencv_storage>
