<?xml version="1.0"?>
<opencv_storage>
<H type_id="opencv-matrix">
  <rows>3</rows>
  <cols>3</cols>
  <dt>f</dt>
  <data>
    3.10016441e+01 -1.08320990e+01 2.82557220e+02 6.62881184e+00
    2.45688963e+00 3.18614349e+02 2.32911780e-02 -2.98720840e-02 9.</data></H>
</opencv_storage>
