<?xml version="1.0"?>
<opencv_storage>
<iH type_id="opencv-matrix">
  <rows>3</rows>
  <cols>3</cols>
  <dt>f</dt>
  <data>
    2.14539804e-02 6.04002550e-02 -2.81181836e+00 -3.54325920e-02
    1.84788048e-01 -5.42937660e+00 -1.73125984e-04 4.57023474e-04
    1.00367084e-01</data></iH>
</opencv_storage>
