<?xml version="1.0"?>
<opencv_storage>
<Intrinsics type_id="opencv-matrix">
  <rows>3</rows>
  <cols>3</cols>
  <dt>d</dt>
  <data>
    3.5155799315955454e+02 0. 3.4905210705016628e+02 0.
    3.6489154843181984e+02 2.6461835808822053e+02 0.
    0. 1.</data></Intrinsics>
</opencv_storage>
