<?xml version="1.0"?>
<opencv_storage>
<Intrinsics type_id="opencv-matrix">
  <rows>3</rows>
  <cols>3</cols>
  <dt>d</dt>
  <data>
    3.6163465134297286e+02 0. 3.7145732529495297e+02 0.
    3.9493958735218445e+02 2.3943500120276454e+02 0.
    0. 1.</data></Intrinsics>
</opencv_storage>
