<?xml version="1.0"?>
<opencv_storage>
<Intrinsics type_id="opencv-matrix">
  <rows>3</rows>
  <cols>3</cols>
  <dt>d</dt>
  <data>
    5.3932963239848107e+02 0. 3.3461897108604370e+02 0.
    5.3917257426341394e+02 2.4092849600523675e+02 0.
    0. 1.</data></Intrinsics>
</opencv_storage>
