<?xml version="1.0"?>
<opencv_storage>
<H type_id="opencv-matrix">
  <rows>3</rows>
  <cols>3</cols>
  <dt>d</dt>
  <data>
    6.1796875000000089e+00 -1.8226804123711284e+00 50.
    -7.1601159793813984e-02 4.4069587628865996e+00
    1.8000000000000007e+01 3.1411082474228080e-03
    -2.9639175257731947e-02 6.5000000000000000e+00</data></H>
</opencv_storage>
