<?xml version="1.0"?>
<opencv_storage>
<H type_id="opencv-matrix">
  <rows>3</rows>
  <cols>3</cols>
  <dt>d</dt>
  <data>
    2.0837057780730362e+01 -1.4034969212590681e+01
    2.8435900878906330e+02 1.8107627103971424e-01 4.4442407174422307e+00
    2.8668466186523398e+02 2.7927613665632844e-03
    -4.0913731298891733e-02 2.3500000000000000e+01</data></H>
</opencv_storage>
